STORAGE,LOCATION,PHONE,CONTACT,CAMERA,MIC,SMS,CALENDAR,non-Diag
STORAGE, 0.32,0.25,0.07,0.14,0.22,0.31,0.22,0.14,0.24
LOCATION, 0.25,0.32,0.09,0.12,0.25,0.20,0.12,0.14,0.21
PHONE, 0.18,0.24,0.24,0.20,0.15,0.18,0.08,0.07,0.19
CONTACT, 0.26,0.20,0.18,0.26,0.23,0.19,0.08,0.29,0.24
CAMERA, 0.31,0.38,0.06,0.10,0.28,0.33,0.00,0.09,0.22
MIC, 0.32,0.29,0.19,0.19,0.25,0.18,0.15,0.17,0.25
SMS, 0.16,0.08,0.17,0.21,0.09,0.15,0.17,0.00,0.15
CALENDAR, 0.18,0.19,0.13,0.14,0.19,0.18,0.08,0.22,0.19
non-Diag, 0.25,0.24,0.10,0.15,0.23,0.24,0.11,0.15,0.21
